3 300
120 100 80
3 30
10 20 5
4 1000
100 200 300 400
5 5
2523 8430 3 4199 632
95 9975
9707 9868 9328 9013 9238 9974 9775 9879 9894 9526 9925 9563 9802 9745 9876 9948 9379 9842 9623 9700 9308 9117 9324 9857 9456 9657 9438 9208 9624 9054 9947 9176 9178 9650 10000 9040 9379 9163 9040 9606 9916 9790 9441 9937 9165 9444 9688 9268 9266 9073 9529 9072 9871 9192 9546 9719 9728 9494 9935 9662 9583 9319 9323 9044 9466 9641 9246 9139 9892 9397 9269 9227 9339 9000 9571 9082 9313 9034 9866 9796 9699 9951 9756 9848 9707 9163 9974 9324 9075 9947 9284 9372 9566 9338 9486
100 9900
9866 9221 9836 9322 9887 9802 9591 9238 9867 9612 9619 9642 9977 9631 9953 9197 9125 9076 9813 9631 9312 9066 9511 9745 9575 9919 9212 9886 9830 9029 9552 9135 9108 9128 9416 9040 9867 9639 9356 9874 9692 9791 9690 9899 9319 9659 9484 9379 9831 9299 9700 9661 9458 9609 9270 9995 9715 9427 9701 9023 9157 9408 9015 9410 9992 9127 9848 9902 9999 9229 9261 9174 9179 9992 9131 9159 9832 9480 9672 9263 9048 9334 9324 9487 9010 9158 9791 9182 9536 9241 9901 9231 9609 9887 9796 9714 9558 9673 9381 9511
96 9696
9288 9929 9205 9673 9532 9476 9765 9716 9550 9394 9295 9940 9670 9440 9983 9342 9480 9579 9114 9651 9993 9919 9938 9751 9900 9374 9877 9745 9296 9300 9271 9478 9959 9660 9312 9443 9634 9076 9535 9510 9504 9115 9722 9635 9154 9313 9234 9331 9566 9718 9948 9097 9548 9015 9348 9666 9001 9946 9946 9812 9719 9527 9651 9996 9621 9454 9217 9096 9166 9233 9619 9481 9521 9436 9092 9032 9470 9850 9133 9197 9081 9560 9286 9629 9092 9859 9434 9238 9710 9356 9626 9715 9834 9717 9829 9292
100 9900
9911 9691 9498 9787 9192 9004 9098 9364 9815 9139 9284 9958 9529 9805 9017 9425 9313 9575 9560 9430 9907 9924 9886 9296 9204 9303 9643 9795 9047 9630 9193 9807 9095 9385 9781 9985 9577 9934 9306 9789 9201 9712 9084 9373 9569 9723 9455 9246 9547 9841 9159 9881 9159 9397 9213 9449 9860 9750 9459 9405 9415 9545 9407 9729 9271 9225 9381 9198 9121 9330 9007 9709 9345 9343 9127 9546 9735 9809 9755 9357 9190 9361 9351 9852 9422 9827 9324 9345 9594 9018 9909 9847 9303 9806 9745 9288 9172 9311 9853 9060
95 9975
9398 9605 9680 9458 9454 9465 9104 9877 9709 9614 9169 9844 9984 9163 9043 9538 9624 9779 9929 9120 9044 9355 9143 9082 9249 9249 9280 9012 9939 9865 9631 9411 9015 9003 9361 9620 9454 9635 9709 9617 9039 9603 9478 9569 9125 9424 9087 9842 9364 9785 9571 9278 9996 9588 9232 9053 9327 9345 9390 9974 9290 9892 9069 9368 9519 9462 9663 9363 9759 9427 9468 9324 9876 9214 9564 9122 9541 9001 9080 9197 9108 9136 9246 9895 9460 9518 9480 9869 9945 9493 9725 9888 9258 9130 9608
35 9905
9774 4163 1486 235 6208 7722 7618 1453 3534 917 1405 4571 4527 7991 2182 6401 6048 4512 8187 510 2509 3524 1028 8054 382 8725 3886 6838 4153 825 1742 7881 6761 7291 7458
13 9932
6204 7395 6092 9139 3846 5225 3723 5983 2783 5591 6633 6516 5509
46 9982
1387 8126 9799 3768 5593 6566 5204 6588 6589 9990 7449 9413 1584 3263 8665 2459 7457 5481 2595 3124 4412 1795 2248 5847 8596 9503 212 4939 9551 2973 6236 5573 6325 4339 4387 6931 6887 6051 5472 971 5681 9017 536 7612 5068 3194
80 10000
461 8092 3949 5721 4885 7867 5550 5141 3251 8461 3935 6146 9648 6067 8647 7361 1800 17 8727 8949 7534 4501 1740 6260 2520 4886 2555 7937 3936 7934 2921 2946 3895 5584 3199 2775 9655 4447 3956 8266 304 9251 9604 2897 4907 4971 9750 3996 1822 3590 6268 8784 6994 7716 4202 1160 4492 7103 9032 1420 2319 5050 1490 7663 6626 61 1471 1602 9382 3652 1446 8913 9215 7363 6793 1325 7277 7395 100 69
36 9972
5867 7366 6745 3773 9828 5024 2526 3650 4255 4408 256 5199 112 2220 2415 4164 9114 4223 7078 6844 6443 8966 5982 9272 4077 3440 4271 839 3211 1727 7593 3031 8722 9383 5873 8924
2 9992
977 8411
69 9936
3839 1766 4376 7307 4408 8184 1067 9641 213 8191 834 3075 5551 4865 4215 5560 3458 2390 2666 1852 2224 6233 6211 9000 3734 8090 9191 6033 3754 2990 9258 6080 8087 4828 1039 9560 1946 8879 2436 8982 2283 6193 9260 3676 1914 7411 3766 1645 3463 1604 1437 3839 8831 1621 8410 3242 5167 8280 4178 2511 5418 123 2580 8191 6026 9172 6692 6506 9664
26 9932
6882 4772 6495 699 4607 443 7462 7905 8574 150 3284 2365 7827 2469 7364 5330 2241 6003 6258 6241 2326 3313 4292 8994 4374 2405
69 9591
9200 1790 1122 6657 3711 1060 2151 5234 6021 1696 2177 1494 9513 9936 7774 9126 1908 7618 6235 9187 8645 4178 2628 4379 4572 487 3872 9736 9937 25 7928 9891 554 5549 9015 6360 9498 1850 3676 6318 4909 9180 7709 6568 2295 6864 8037 321 2744 8858 6001 6617 8714 7320 691 4249 1215 2969 1813 4694 3670 4354 7563 7511 2353 5733 1840 7720 8415
59 9853
6207 4651 6161 2794 671 1631 7190 7271 4276 9796 9699 6390 3555 6548 6207 1090 3243 8152 1140 3386 446 887 5390 986 4333 8302 8983 618 3613 5998 6416 90 737 7252 5859 736 4634 6187 946 9650 8839 4763 58 1960 7781 2062 2740 5599 5047 704 7618 6574 5787 1662 9410 7779 6057 7406 2379
32 8928
9390 9977 3440 2236 2938 9151 7316 3884 8790 1937 9484 2519 4690 8109 7759 1615 83 1785 9311 6705 6620 1831 4137 274 2469 8467 6520 5702 3624 4662 409 8720
91 4550
2660 2551 2810 8384 3176 8253 9101 9186 9361 5431 1221 2436 7669 9189 5967 5271 8934 4048 7419 4440 3372 7883 9769 3072 8136 4082 8754 4185 4387 9244 2562 6704 2220 5754 5006 3490 8891 8808 5317 8535 6941 751 4566 1626 3375 2210 4219 6906 7495 8706 9099 9011 638 144 5774 403 9344 6816 6774 9395 1714 7034 1911 6731 8985 2834 6356 4620 7211 9192 7353 3133 1375 8150 6925 1279 355 754 1725 6194 3574 3916 417 457 6050 5903 5576 3930 3702 1933 7873
87 5568
1581 9965 5777 2929 4975 4917 6925 611 5786 8362 1568 4840 8325 2852 7544 4445 5804 7719 1633 7312 5883 3840 495 1422 8382 6471 3678 6626 3138 9044 5292 3637 126 3362 8242 6789 1457 7829 4123 9416 9572 4638 9052 4840 581 1927 1900 9948 564 1507 6392 4095 5262 9527 1755 3901 7127 7955 3937 8475 6285 1977 1411 5654 4084 7347 2611 969 5915 6084 5744 8623 2825 6651 4694 4712 7815 734 6521 1625 6456 8606 7263 2101 6608 2992 8266
31 341
6537 4503 419 2983 718 4516 8214 9255 3242 2041 1579 3418 464 1470 213 3637 9789 6798 8039 3752 577 4617 8372 6259 8599 9260 6671 5596 4965 5277 241
54 7614
9015 423 6234 3449 5154 5342 7708 3319 8745 6588 9912 9338 9914 6145 2047 5910 150 2929 768 5425 927 1375 2645 1158 8834 4691 9845 5501 3879 9767 1022 2507 1365 3284 1299 4542 3644 7066 4758 9997 2700 192 8927 8647 5035 1272 1730 9935 2154 7687 2163 9817 7994 1578
91 5187
4666 7938 2917 7981 4386 8536 5530 1955 8185 672 9766 9849 7671 1098 5303 5554 1382 7778 8639 5198 2773 891 4016 8727 4436 4418 5932 4536 261 4911 3589 9922 3765 9100 7641 5399 3567 6933 4499 3178 99 4647 6233 6315 9372 7259 8560 3051 5316 3098 660 6882 4465 4227 7 1658 408 4008 8056 3465 478 5205 5971 712 9514 3473 5806 1607 7399 8509 9366 2201 7926 2132 3500 4468 8425 7433 3735 3998 3617 440 315 6781 7512 2240 7138 2998 8061 2844 2480
22 8382
9600 3603 7989 9796 6825 2548 1712 6227 3779 5990 2622 6217 7309 262 3553 30 3716 3725 2608 6365 7447 6934
18 2862
6073 1420 2629 1999 3131 3124 7750 8937 149 1364 1473 567 7177 9675 505 2074 9378 4877
30 8280
3739 7866 9378 4260 7657 1746 5073 4434 5719 7526 1637 8243 3056 2620 8763 4731 5394 4560 4324 6465 696 3202 3963 9153 9470 4050 7160 634 5523 9596
4 764
5191 7068 9664 5120
2 5816
3 2
77 9163
4 3 2 1 3 4 4 2 5 4 5 4 1 6 1 3 3 1 3 2 5 5 6 5 3 3 1 5 5 5 6 3 1 1 2 6 2 2 3 4 1 4 5 1 6 4 1 4 4 1 6 4 3 4 6 5 2 6 4 2 5 1 2 6 1 4 5 2 4 4 6 6 1 6 6 2 5
38 4028
2 6 4 6 3 1 4 5 4 2 1 6 6 5 3 3 2 3 4 5 3 3 5 4 2 3 2 5 3 5 4 5 2 5 6 3 4 3
70 5250
2 3 1 6 4 5 4 6 6 4 4 6 2 3 6 6 1 1 1 5 4 1 1 5 3 6 4 6 2 1 4 1 4 4 4 6 3 3 5 5 6 6 1 6 1 5 6 5 4 2 2 5 3 3 1 4 4 1 4 3 4 6 6 1 3 4 6 5 1 1
58 7192
1 6 2 3 4 1 6 2 2 2 2 5 1 5 3 5 4 5 2 4 1 4 3 5 3 1 2 2 4 5 2 3 4 1 6 5 1 5 2 5 6 2 4 5 6 4 6 3 5 3 5 6 2 1 4 6 4 3
46 138
4 4 1 3 3 4 1 4 3 1 5 1 1 1 5 3 1 2 1 5 6 2 4 1 6 1 2 3 6 4 6 4 4 2 1 1 5 2 6 1 2 6 3 2 2 2
22 8580
4 6 2 5 3 4 3 4 2 1 3 2 2 1 4 3 5 2 1 5 2 5
69 2277
2 5 3 1 4 3 6 1 5 5 1 2 6 5 4 1 3 3 6 4 2 1 6 1 3 1 6 6 5 6 5 1 3 5 5 4 3 3 6 5 6 3 5 3 3 5 1 4 2 4 3 3 1 2 4 5 4 3 1 4 4 6 5 1 6 3 4 5 5
71 6745
4 2 2 2 1 3 6 6 1 4 3 2 2 3 1 5 6 3 6 4 2 3 4 4 6 3 4 5 5 2 5 3 6 1 2 1 5 6 3 1 3 4 2 4 1 5 3 6 3 6 3 2 6 6 2 2 4 3 1 3 5 3 5 6 5 1 4 5 4 5 4
30 5850
5 4 3 3 2 2 4 6 1 2 3 5 1 2 6 4 6 3 2 6 4 5 2 6 4 6 1 1 5 3
5 6675
1887 8392 4848 300 9227
11 6182
7243 864 1449 7894 1249 153 5145 7274 4699 3291 5824
5 5270
6735 6480 1373 823 5380
4 4740
5916 5388 5073 1832
10 8890
1399 1975 2934 5869 3238 4757 351 6693 5693 1808
8 1944
9778 4096 6570 2051 5406 9530 7770 1250
11 1463
2570 1490 7113 3035 8802 4148 9752 2408 7047 4164 8548
7 6503
590 254 1372 5457 1218 9381 591
5 4905
7758 6411 4882 3821 82
10 8290
9511 3997 649 6923 614 2983 4162 2671 953 9405
0 0
