3 300
120 100 80
3 30
10 20 5
4 1000
100 200 300 400
5 5
2523 8430 3 4199 632
95 9690
9375 9673 9718 9013 9878 9992 9312 9195 9478 9072 9700 9683 9949 9695 9236 9389 9688 9391 9612 9845 9277 9584 9352 9904 9752 9687 9486 9557 9112 9200 9951 9096 9396 9378 9907 9638 9624 9626 9846 9620 9713 9838 9393 9895 9058 9427 9577 9532 9026 9176 9863 9927 9624 9096 9153 9838 9085 9989 9565 9421 9089 9933 9637 9047 9056 9838 9273 9145 9996 9272 9564 9735 9744 9385 9147 9361 9631 9942 9253 9967 9785 9248 9760 9567 9107 9566 9582 9802 9219 9095 9421 9182 9254 9518 9113
97 9797
9089 9529 9490 9499 9088 9847 9018 9289 9927 9796 9627 9932 9826 9798 9177 9346 9044 9341 9045 9839 9785 9835 9867 9651 9363 9735 9622 9507 9194 9861 9319 9316 9760 9486 9273 9177 9497 9889 9066 9513 9576 9141 9352 9894 9755 9390 9679 9685 9905 9114 9946 9959 9026 9637 9236 9687 9206 9245 9460 9274 9791 9836 9478 9356 9014 9596 9795 9502 9954 9576 9734 9599 9094 9337 9183 9296 9028 9417 9472 9334 9020 9291 9754 9398 9421 9426 9293 9709 9816 9456 9369 9478 9773 9393 9122 9655 9004
100 9900
9456 9945 9693 9121 9619 9587 9639 9199 9245 9220 9298 9277 9655 9624 9835 9825 9113 9694 9481 9088 9963 9028 9970 9150 9423 9123 9269 9752 9066 9044 9304 9573 9372 9026 9378 9824 9662 9197 9008 9626 9296 9205 9324 9242 9632 9576 9787 9837 9954 9915 9075 9951 9078 9602 9003 9192 9062 9792 9843 9843 9189 9680 9694 9307 9461 9794 9343 9313 9453 9665 9001 9800 9749 9695 9040 9269 9763 9249 9217 9791 9058 9823 9326 9615 9768 9243 9480 9739 9901 9791 9550 9024 9122 9479 9309 9896 9533 9446 9250 9310
98 9800
9916 9706 9263 9699 9726 9477 9465 9576 9073 9180 9251 9138 9565 9208 9579 9450 9610 9455 9254 9018 9396 9860 9506 9575 9449 9672 9130 9024 9406 9112 9001 9792 9239 9371 9458 9188 9726 9411 9047 9289 9512 9201 9150 9243 9057 9609 9814 9300 9460 9512 9677 9154 9311 9752 9501 9449 9216 9641 9865 9756 9867 9059 9359 9461 9515 9767 9188 9181 9703 9042 9222 9594 9689 9394 9430 9107 9599 9441 9698 9604 9146 9638 9573 9235 9739 9872 9239 9502 9603 9698 9434 9373 9892 9343 9046 9928 9628 9124
99 9999
9907 9469 9415 9813 9821 9913 9372 9944 9448 9953 9317 9879 9587 9378 9710 9118 9316 9161 9694 9879 9013 9326 9891 9008 9541 9509 9006 9520 9998 9322 9207 9447 9335 9837 9943 9110 9797 9280 9974 9455 9533 9228 9686 9516 9353 9766 9079 9143 9286 9246 9869 9706 9580 9704 9336 9573 9191 9406 9988 9988 9964 9104 9214 9913 9959 9932 9684 9867 9309 9018 9719 9220 9767 9655 9987 9483 9999 9849 9682 9839 9914 9181 9737 9944 9005 9207 9707 9966 9790 9506 9327 9817 9922 9853 9046 9430 9000 9637 9903
81 9963
7443 5031 2692 4037 7882 4622 7013 872 3048 8054 3938 7507 2395 6459 1767 2987 9489 7170 4063 9935 5746 1810 1926 7818 9839 3031 8134 9797 2591 8799 2732 8500 224 9130 3210 3569 7534 3903 7031 3947 5338 6196 6836 807 4393 6558 1505 9033 7723 6880 5108 8500 5701 7395 9038 1726 2710 3258 939 7104 6323 7614 7890 7580 2880 1241 3786 5000 4475 2531 8794 7775 6704 4350 6644 5032 5412 1828 5142 2516 8760
61 9699
5180 7985 4013 6449 9360 2270 3435 4308 1414 961 4814 1454 3474 5200 3940 6195 5525 577 7856 3464 5594 7883 820 3151 528 835 6592 9443 2266 173 933 7179 117 8277 8014 9086 3849 9472 1625 7018 7236 7938 76 6871 4541 5617 9575 7924 1231 9619 7625 591 5529 3490 9743 7698 9590 6071 8809 6377 6964
68 9792
9892 4836 9943 5033 2652 503 5408 2675 4969 3697 8890 1578 2682 9564 9243 5745 9893 3129 925 1602 5754 8339 457 1109 1522 2778 4363 609 8427 8123 2706 9011 3506 9716 4832 8678 245 6168 8905 1548 5534 5242 3001 9098 3452 1690 2110 6685 8739 4771 7999 797 6778 8585 654 9016 3198 7223 453 9733 9716 8590 1898 1750 7275 402 9258 2897
15 9960
324 9786 8346 2160 8716 4396 5465 4297 6727 2532 1056 2629 5764 1836 8707
10 10000
1096 6799 2088 7333 7959 8458 7907 4069 5759 9828
42 9912
4660 1510 3890 1104 5814 9120 8234 8537 945 3680 5633 2035 4527 8074 9898 991 9632 1711 3723 2579 8818 2315 2844 9678 1451 2609 679 1614 6430 1092 1467 8064 2818 7644 622 4625 401 6736 3321 973 9086 1369
45 9945
6300 1779 9718 9022 7324 1016 9488 7091 7501 8625 7852 2930 9684 3905 1270 8470 317 9600 2469 2757 5015 1501 4011 768 6296 5006 1335 434 8795 3674 1698 6692 2250 5456 3747 112 8991 7916 5856 9544 4108 7552 4775 9181 6339
85 9605
5824 6071 1156 8187 4022 67 6652 581 6458 2434 3513 3227 8955 2573 9075 9015 7730 2779 6056 7859 3811 6334 852 1905 1256 3546 2283 3533 5476 6501 2057 2556 4268 7070 8647 9614 2726 8572 8440 6995 3591 352 3288 7835 6388 5103 5306 8315 5745 4841 433 2206 9751 7657 3813 9859 364 7936 7185 7128 584 3647 1579 2950 4077 4784 2296 2756 791 7345 7712 1039 8391 6285 9052 8367 2327 3413 1620 4914 2201 3186 5545 1576 4432
23 9982
618 6011 1175 7408 4872 9524 5137 2458 9138 8822 4733 494 8980 3365 4860 2538 2144 4749 788 8273 5275 4783 9011
32 9920
5599 2234 7674 7700 4449 9830 8968 9574 7468 2110 8439 7498 8935 5401 5554 4733 6206 2780 8195 4380 2718 5360 2461 6364 6351 282 3994 2055 4526 2848 9234 851
100 3700
4312 2584 2201 566 4063 1861 5573 9162 8300 5057 8531 2708 3937 2603 6333 9814 5252 5430 3333 10 4686 4082 7263 5639 4728 7471 4441 3257 8888 2662 2272 119 5951 1805 6693 1750 9901 936 5822 1898 6420 5904 2285 9857 3956 5916 9917 2881 4194 4126 715 5768 610 2705 1541 9672 2795 7110 9002 6785 8061 5550 7881 8216 3957 911 7063 2531 8935 3708 3302 5699 8599 7941 5666 3921 302 6379 9184 7418 6337 1454 4343 4148 1475 5783 5847 5348 2547 6975 4755 7782 5313 9701 344 2825 8941 6295 5890 3926
47 1833
3365 9608 698 2618 2800 6698 1606 871 7207 7497 7115 4443 9662 8465 969 2938 9223 4499 8410 2174 736 5470 3636 4038 4852 7315 5511 6325 7950 9962 3541 9 1085 3188 3672 5293 8232 8866 4171 3031 748 3704 9618 5805 4217 664 1918
19 1178
7955 1978 5614 7807 7648 9889 132 7971 5557 3663 4501 9001 6603 786 1044 7142 9689 3132 3592
25 675
3852 2145 7863 6254 2170 2307 8967 8607 1362 3603 1265 6012 6526 5462 4372 4617 6470 6280 3738 2484 2984 402 8421 1807 2367
31 3348
3729 7692 3188 5304 5987 2383 5484 8036 375 5373 3295 7160 2392 3889 1494 4878 2906 75 2749 2043 3807 4219 4705 8247 9046 87 7436 3409 7429 8298 3580
9 2772
523 5413 5815 2094 3960 1306 4680 642 3592
94 2256
7102 2910 1048 4830 4305 3264 3914 1254 6392 3115 9545 1214 2744 3381 7594 9025 5847 3380 1893 8769 6798 9835 6121 8402 7870 2787 3588 9208 3855 4431 8019 2397 8807 1889 4480 3854 9446 2597 4165 4523 4759 5667 4322 5613 4793 6997 9181 9896 1336 9760 5543 2768 6334 207 1728 678 398 5771 4753 8335 5533 6348 2932 2526 5487 3416 9693 8250 27 8665 7050 1581 5455 605 7776 2730 3094 5338 2587 756 6991 6524 2579 6233 2384 502 1075 6905 8901 9716 8236 7426 8621 7341
86 516
7736 8680 8097 4874 3543 7885 5695 1205 5864 4391 7209 7398 5038 6338 540 1431 8392 3184 1041 9703 2548 5782 7744 6681 5751 3840 4475 6892 9336 6196 4767 3097 7789 2554 2389 2290 4042 3729 4245 4071 2802 9089 7567 7018 3465 930 3175 935 5168 2001 6759 7919 443 7383 537 1141 3852 2436 9676 1801 8107 3129 8671 2443 8831 4652 555 2217 5821 8731 7199 782 6671 212 9507 6860 5354 3204 3055 3942 3590 8412 6356 6208 7797 7671
43 817
9397 2075 3403 9789 6800 8928 6264 8165 3295 3642 7785 7740 6823 4144 7676 4260 1680 2029 3511 6159 9559 2406 3294 7029 6602 9836 1707 4002 1792 8739 2044 2423 6547 9399 1109 3545 1882 7771 8920 4405 6331 1938 6634
6 4902
2600 6426 4840 3639 2829 7099
13 7631
3 6 4 3 3 5 1 3 2 1 6 3 2
96 9600
4 5 2 2 1 2 1 1 2 2 1 3 4 3 4 6 4 2 5 1 6 2 4 6 2 6 1 2 6 6 4 5 5 1 4 2 1 4 5 3 4 5 6 5 4 3 5 3 6 3 4 4 3 2 3 2 2 3 5 2 1 5 5 2 5 6 1 2 6 2 2 6 5 1 5 4 6 5 2 2 2 3 1 3 5 3 2 5 1 6 6 3 6 4 5 5
61 7259
4 3 5 4 4 5 2 5 4 2 3 1 6 3 2 3 2 5 1 3 6 2 4 3 2 1 5 6 6 4 6 2 3 1 2 1 3 4 1 2 1 4 5 3 4 5 2 5 1 6 6 2 1 6 1 2 4 3 2 2 6
96 5376
4 5 5 5 6 1 4 6 3 3 6 3 1 3 5 4 1 6 1 5 3 5 1 4 3 3 2 2 2 4 1 6 3 4 6 3 5 2 6 3 2 6 3 4 4 4 5 6 2 3 6 6 6 3 3 3 3 5 2 3 2 2 5 5 5 1 5 4 3 1 1 1 2 4 4 5 2 1 6 2 6 4 4 2 6 2 3 4 4 4 5 3 3 3 1 5
81 9477
3 2 4 2 1 6 5 2 4 3 2 2 4 4 1 5 2 4 5 3 2 4 3 6 3 3 4 1 1 2 5 2 3 1 5 1 2 4 5 5 6 3 4 6 6 6 2 4 5 3 4 5 6 5 4 4 5 3 3 1 6 1 6 1 3 1 3 4 4 2 2 1 3 4 2 6 6 3 3 5 1
99 1089
4 2 6 2 2 6 1 5 3 6 6 2 5 6 5 3 4 3 6 5 3 6 3 4 3 1 3 6 1 2 6 5 2 1 1 6 5 1 5 1 4 2 6 3 3 3 4 6 5 1 2 6 2 2 5 2 3 2 1 2 3 5 1 6 1 2 5 3 3 1 3 6 3 2 3 6 5 6 5 4 4 2 4 1 1 5 4 3 4 4 4 2 1 2 2 3 1 1 5
6 1116
5 6 4 5 6 4
81 8829
3 2 5 3 4 3 4 5 4 2 5 3 5 5 6 5 3 4 1 2 5 3 4 3 4 5 1 6 3 4 6 4 5 2 6 3 4 5 5 2 2 3 4 4 6 4 1 6 2 6 3 5 3 1 3 2 1 1 5 2 5 6 6 1 3 3 2 5 5 2 5 4 4 5 1 1 3 2 3 3 3
76 5852
6 3 3 6 5 6 6 1 6 2 1 3 5 1 3 3 3 1 6 1 4 5 5 4 2 5 2 4 2 6 2 3 5 3 3 1 4 4 4 3 6 4 2 6 4 6 3 2 2 5 1 3 5 6 5 2 6 1 5 2 3 1 6 6 6 2 6 2 5 3 5 5 6 1 4 2
23 9062
6 4 1 5 6 2 3 6 6 3 3 1 6 6 6 4 4 6 4 4 1 5 2
4 2652
3971 4259 6361 9472
2 6902
7705 3144
2 9600
6166 5278
11 7073
8159 7433 3250 3644 658 4566 7449 4191 5064 9808 3505
7 8589
8775 6888 6751 4221 4351 5460 5805
5 4455
6796 7513 183 9587 9538
4 1952
5959 8365 8092 710
4 6728
7809 9446 911 1841
5 2405
8121 2767 1248 8657 9976
3 2088
8697 7239 7812
0 0
